<?xml version="1.0" encoding="UTF-8" standalone="no"?>
<!-- Created with Inkscape (http://www.inkscape.org/) -->

<svg
   width="210mm"
   height="297mm"
   viewBox="0 0 210 297"
   version="1.1"
   id="svg1"
   xml:space="preserve"
   xmlns="http://www.w3.org/2000/svg"
   xmlns:svg="http://www.w3.org/2000/svg"><defs
     id="defs1" /><g
     id="layer1"><g
       id="g46"
       transform="matrix(4.6409591,0,0,4.6409591,-619.59328,-1555.8243)"><g
         id="g47"
         transform="matrix(0.97696683,0,0,0.97696683,307.29884,106.2075)"><g
           id="g45"
           transform="translate(2.00685,11.265345)"><path
             d="m -139.31313,243.9061 0.6408,3.26491 a 20.461639,20.461639 0 0 1 2.17713,9.18601 20.461639,20.461639 0 0 1 -20.46337,20.46025 20.461639,20.461639 0 0 1 -12.21423,-4.04678 3.0836897,3.1126909 0 0 1 0.26974,-0.26769 20.085435,20.085435 0 0 0 11.94449,3.93826 20.085435,20.085435 0 0 0 20.08715,-20.08404 20.085435,20.085435 0 0 0 -2.29287,-9.3214 l -2.41122,-0.71933 a 18.409699,18.409699 0 0 1 3.06699,10.17405 18.409699,18.409699 0 0 1 -18.40974,18.40973 18.409699,18.409699 0 0 1 -9.44437,-2.60708 c 0.75423,-0.45967 1.61591,-0.88286 2.59569,-1.23351 l -9.38754,-2.48305 2.04174,8.90591 c 0,0 0.56076,-1.44067 2.09342,-3.05149 a 21.640248,21.640248 0 0 0 12.10106,3.70003 21.640248,21.640248 0 0 0 21.64055,-21.64054 21.640248,21.640248 0 0 0 -4.03542,-12.58424 z"
             style="display:inline;fill:#0a8af6;stroke-width:0.101772"
             id="path29" /><path
             d="m -156.91826,234.85032 a 21.640248,21.640248 0 0 0 -21.64001,21.64002 21.640248,21.640248 0 0 0 4.73925,13.51442 l -0.71728,-3.13779 a 20.446603,20.446603 0 0 1 -2.82825,-10.37508 20.446603,20.446603 0 0 1 20.44526,-20.44784 20.446603,20.446603 0 0 1 13.40073,5.00279 3.1104035,3.0814236 77.337558 0 1 -0.25011,0.28061 20.070675,20.070675 0 0 0 -13.15062,-4.9072 20.070675,20.070675 0 0 0 -20.06958,20.07164 20.070675,20.070675 0 0 0 2.91972,10.42366 l 2.44378,0.64854 a 18.409699,18.409699 0 0 1 -3.70261,-11.07375 18.409699,18.409699 0 0 1 18.40972,-18.40973 18.409699,18.409699 0 0 1 10.53993,3.31556 c -0.87594,0.59358 -1.914,1.1442 -3.13675,1.58182 l 9.38754,2.48305 -2.04225,-8.90591 c 0,0 -0.47023,1.20909 -1.72755,2.65048 a 21.640248,21.640248 0 0 0 -13.02092,-4.35529 z"
             style="fill:#0a8af6;stroke-width:0.101772"
             id="path17" /><path
             id="path40"
             style="display:inline;fill:#f6760a;stroke-width:3.90784"
             d="m -156.91825,238.89917 c -9.71535,2.8e-4 -17.59089,7.87584 -17.59117,17.59118 1.4e-4,4.256 1.54291,8.36767 4.34289,11.57294 l 8.08839,2.87992 c 0,0 -1.04823,0.51207 -2.42569,1.41852 2.36865,1.1322 4.96025,1.72022 7.58558,1.72031 9.71536,-2.8e-4 17.59141,-7.87634 17.59169,-17.59169 -8e-5,-3.82994 -1.24998,-7.55481 -3.55999,-10.60969 l -8.44961,-2.77296 c 0,0 1.42497,-0.6943 3.13624,-1.89601 -2.65571,-1.51534 -5.66071,-2.31246 -8.71833,-2.31252 z m -4.78885,1.62781 c 0.0978,-0.004 0.19065,-0.004 0.27905,0.002 l 0.1943,0.52969 -0.032,0.0119 c -0.16814,-0.0617 -0.36982,-0.0897 -0.60565,-0.0837 -0.23487,0.004 -0.4617,0.0459 -0.68057,0.12609 -0.24002,0.088 -0.41513,0.20844 -0.52504,0.36173 -0.10839,0.15274 -0.13402,0.30758 -0.0765,0.46457 0.0515,0.14039 0.12818,0.23749 0.22996,0.29094 0.10178,0.0534 0.25196,0.0681 0.4501,0.0434 0.10436,-0.0143 0.2511,-0.0393 0.44029,-0.0744 0.18918,-0.0351 0.35139,-0.0592 0.48679,-0.0729 0.27492,-0.0254 0.5004,0.006 0.67644,0.0935 0.17605,0.0879 0.30835,0.2525 0.39688,0.49403 0.0481,0.13132 0.065,0.27275 0.0501,0.42374 -0.0133,0.15044 -0.0589,0.29017 -0.13642,0.41962 -0.0853,0.14087 -0.19895,0.26834 -0.34055,0.38188 -0.14009,0.11299 -0.32341,0.21053 -0.54984,0.29353 -0.24303,0.0891 -0.47028,0.14702 -0.68161,0.17311 -0.20982,0.0255 -0.43115,0.0305 -0.66456,0.015 l -0.20619,-0.56172 0.032,-0.0114 c 0.22259,0.0794 0.45945,0.11653 0.71107,0.11162 0.25163,-0.005 0.47556,-0.0433 0.6718,-0.11524 0.27774,-0.1018 0.47486,-0.23318 0.59066,-0.39377 0.1173,-0.16115 0.14372,-0.32819 0.0801,-0.50178 -0.0548,-0.14944 -0.13206,-0.24607 -0.23203,-0.2899 -0.0985,-0.0444 -0.22943,-0.0589 -0.39326,-0.0434 -0.12428,0.0113 -0.25633,0.0314 -0.39636,0.0605 -0.13852,0.0285 -0.28748,0.055 -0.44648,0.0791 -0.32212,0.0462 -0.58366,0.0192 -0.78445,-0.0801 -0.19984,-0.10141 -0.34493,-0.27485 -0.43512,-0.5209 -0.10346,-0.28228 -0.0688,-0.55718 0.10387,-0.82423 0.17211,-0.26857 0.44193,-0.47017 0.80874,-0.60462 0.23699,-0.0869 0.46262,-0.14385 0.67696,-0.17105 0.10717,-0.0136 0.20969,-0.0222 0.30748,-0.0263 z m -3.89279,1.57923 2.13941,2.88406 -0.38344,0.28422 -1.8433,-2.4846 0.45268,2.28565 -0.22892,0.1695 -2.05052,-1.10019 1.84381,2.48512 -0.35812,0.26561 -2.13992,-2.88354 0.52297,-0.38809 1.96009,1.03508 -0.44752,-2.15749 z m 8.68164,2.01435 c 6.83189,-4e-5 12.37034,5.5379 12.37031,12.36979 3e-5,6.83189 -5.53841,12.37034 -12.37031,12.37031 -6.83189,3e-5 -12.36982,-5.53842 -12.36979,-12.37031 -3e-5,-6.83189 5.5379,-12.36983 12.36979,-12.36979 z m -12.67571,1.37304 2.89595,2.12339 -0.28267,0.38499 -1.41749,-1.03922 -1.05936,1.44488 1.41748,1.03921 -0.28215,0.3855 -2.89595,-2.12338 0.28215,-0.38499 1.13585,0.83251 1.05988,-1.44487 -1.13584,-0.83303 z m 24.97005,16.61966 0.48524,0.29249 -0.0186,0.031 c -0.2439,0.0839 -0.44825,0.1897 -0.61339,0.3173 -0.16514,0.12759 -0.30509,0.28644 -0.41962,0.47645 -0.0938,0.15559 -0.15267,0.31115 -0.17725,0.46716 -0.0251,0.15379 -0.0145,0.31168 0.0325,0.47335 0.046,0.15725 0.1319,0.31026 0.25787,0.45941 0.12543,0.14693 0.29162,0.28271 0.49816,0.40721 0.21618,0.1303 0.41933,0.21364 0.60978,0.2496 0.19128,0.0346 0.36391,0.0352 0.51728,0.002 0.16,-0.035 0.3032,-0.10182 0.42995,-0.19999 0.12621,-0.10038 0.23253,-0.22216 0.31885,-0.36535 0.11868,-0.1969 0.19626,-0.40165 0.23254,-0.61443 0.0363,-0.21279 0.0321,-0.4347 -0.0124,-0.66611 l 0.0176,-0.0289 0.47904,0.28836 c -0.0126,0.0956 -0.0231,0.18313 -0.0315,0.26252 -0.008,0.078 -0.0257,0.17633 -0.0537,0.29455 -0.0245,0.0998 -0.0574,0.20427 -0.0992,0.3142 -0.0396,0.10938 -0.095,0.22368 -0.16639,0.34209 -0.13446,0.22306 -0.28809,0.40716 -0.46044,0.55294 -0.1729,0.14357 -0.36698,0.24271 -0.58188,0.29714 -0.21048,0.0533 -0.43835,0.0566 -0.68419,0.01 -0.24723,-0.0477 -0.50441,-0.15214 -0.77153,-0.31316 -0.25336,-0.15271 -0.45846,-0.32481 -0.61495,-0.51676 -0.1565,-0.19194 -0.26301,-0.39701 -0.31936,-0.61495 -0.0547,-0.21132 -0.0617,-0.43049 -0.0207,-0.65732 0.0418,-0.22821 0.13105,-0.45528 0.26717,-0.6811 0.0996,-0.16523 0.2189,-0.31755 0.3576,-0.45733 0.13952,-0.14117 0.31988,-0.28176 0.54156,-0.4222 z m -2.21175,2.97811 2.4753,2.60139 -0.42788,0.40722 -3.44785,-1.15342 2.21485,2.32699 -0.32349,0.30748 -2.47531,-2.60088 0.53641,-0.51056 3.14657,1.05368 -2.02158,-2.12442 z m -2.38693,2.20607 -0.13023,2.37557 0.76223,1.37821 -0.41806,0.23099 -0.73743,-1.33377 -2.10995,-1.19476 0.46199,-0.2558 1.63608,0.9307 0.0904,-1.88516 z m -3.64009,1.76217 c 0.21594,-0.007 0.41144,0.002 0.58653,0.0289 l 0.14469,0.5457 -0.0326,0.008 c -0.16175,-0.0769 -0.36045,-0.12323 -0.59582,-0.13901 -0.23424,-0.0177 -0.46403,0.003 -0.68937,0.0631 -0.24709,0.0655 -0.43248,0.1696 -0.55604,0.31213 -0.12199,0.14211 -0.16118,0.29416 -0.11833,0.45578 0.0383,0.14453 0.10562,0.24799 0.20205,0.31058 0.0964,0.0626 0.24433,0.0906 0.4439,0.0842 0.10523,-0.005 0.25332,-0.0155 0.44493,-0.0331 0.19162,-0.0175 0.35588,-0.0268 0.49196,-0.0279 0.2761,-10e-6 0.49736,0.0518 0.66456,0.15555 0.16721,0.1037 0.28394,0.27948 0.34985,0.52813 0.0358,0.1352 0.0396,0.27735 0.0109,0.42633 -0.0271,0.14857 -0.0855,0.2839 -0.17467,0.40566 -0.0979,0.13242 -0.22268,0.24879 -0.37413,0.34882 -0.1499,0.0996 -0.34102,0.18005 -0.57413,0.24184 -0.2502,0.0663 -0.4817,0.10303 -0.69453,0.10956 -0.21127,0.006 -0.43253,-0.01 -0.66352,-0.0465 l -0.15348,-0.57774 0.0325,-0.009 c 0.21433,0.0995 0.44714,0.15845 0.69815,0.17673 0.25101,0.0183 0.47752,3.4e-4 0.67955,-0.0532 0.28594,-0.0758 0.49416,-0.1882 0.62425,-0.33745 0.13164,-0.14966 0.17346,-0.31376 0.12609,-0.49248 -0.0408,-0.15385 -0.10862,-0.2572 -0.20412,-0.31005 -0.094,-0.0533 -0.22354,-0.0795 -0.3881,-0.0791 -0.12479,-1.8e-4 -0.25786,0.008 -0.39997,0.0238 -0.14056,0.0156 -0.29112,0.0279 -0.45165,0.0372 -0.325,0.0163 -0.58332,-0.034 -0.77412,-0.15141 -0.18965,-0.11938 -0.31783,-0.30583 -0.38498,-0.55914 -0.077,-0.2906 -0.0172,-0.5613 0.17931,-0.81132 0.1961,-0.25158 0.48278,-0.42699 0.86041,-0.5271 0.24399,-0.0647 0.47395,-0.10066 0.68989,-0.10801 z" /></g><path
           id="path45"
           style="opacity:1;fill:#0c64b3;fill-opacity:1;stroke-width:0.264583"
           d="m -154.91088,256.48402 a 11.272092,11.272092 0 0 0 -11.27218,11.27166 11.272092,11.272092 0 0 0 11.27218,11.27218 11.272092,11.272092 0 0 0 11.27167,-11.27218 11.272092,11.272092 0 0 0 -11.27167,-11.27166 z m -0.25683,3.41064 h 0.51263 c 0.95552,0 1.72496,0.76943 1.72496,1.72496 v 4.21628 h 4.20801 c 0.92626,0 1.67225,0.74548 1.67225,1.67174 v 0.49661 c 0,0.92627 -0.74599,1.67225 -1.67225,1.67225 h -4.20801 v 4.21628 c 0,0.95553 -0.76944,1.72444 -1.72496,1.72444 h -0.51263 c -0.95552,0 -1.72444,-0.76891 -1.72444,-1.72444 v -4.21628 h -4.20853 c -0.92626,0 -1.67173,-0.74598 -1.67173,-1.67225 v -0.49661 c 0,-0.92626 0.74547,-1.67174 1.67173,-1.67174 h 4.20853 v -4.21628 c 0,-0.95553 0.76892,-1.72496 1.72444,-1.72496 z" /></g></g></g></svg>
